Vec Object: 1 MPI processes
  type: seq
0.
0.00248667
0.00497184
0.00745402
0.00993171
0.0124034
0.0148677
0.0173229
0.0197678
0.0222007
0.0246203
0.027025
0.0294135
0.0317842
0.0341358
0.0364668
0.0387759
0.0410616
0.0433226
0.0455574
0.0477649
0.0499435
0.0520921
0.0542093
0.0562939
0.0583445
0.06036
0.0623391
0.0642807
0.0661836
0.0680466
0.0698686
0.0716485
0.0733853
0.0750778
0.0767251
0.0783263
0.0798802
0.081386
0.0828428
0.0842497
0.0856059
0.0869104
0.0881627
0.0893618
0.0905071
0.0915979
0.0926335
0.0936133
0.0945367
0.0954031
0.0962121
0.0969632
0.0976558
0.0982896
0.0988643
0.0993793
0.0998345
0.10023
0.100564
0.100838
0.101052
0.101204
0.101296
0.101326
0.101296
0.101204
0.101052
0.100838
0.100564
0.10023
0.0998345
0.0993793
0.0988643
0.0982896
0.0976558
0.0969632
0.0962121
0.0954031
0.0945367
0.0936133
0.0926335
0.0915979
0.0905071
0.0893618
0.0881627
0.0869104
0.0856059
0.0842497
0.0828428
0.081386
0.0798802
0.0783263
0.0767251
0.0750778
0.0733853
0.0716485
0.0698686
0.0680466
0.0661836
0.0642807
0.0623391
0.06036
0.0583445
0.0562939
0.0542093
0.0520921
0.0499435
0.0477649
0.0455574
0.0433226
0.0410616
0.0387759
0.0364668
0.0341358
0.0317842
0.0294135
0.027025
0.0246203
0.0222007
0.0197678
0.0173229
0.0148677
0.0124034
0.00993171
0.00745402
0.00497184
0.00248667
0.
