0.
0.00449342
0.00767311
0.0108465
0.0140105
0.017162
0.0202978
0.0234149
0.0265102
0.0295806
0.0326231
0.0356347
0.0386125
0.0415534
0.0444546
0.0473132
0.0501265
0.0528915
0.0556057
0.0582662
0.0608706
0.0634162
0.0659004
0.068321
0.0706754
0.0729614
0.0751766
0.077319
0.0793863
0.0813766
0.0832879
0.0851183
0.0868659
0.0885292
0.0901063
0.0915958
0.0929963
0.0943062
0.0955244
0.0966496
0.0976807
0.0986167
0.0994567
0.1002
0.100845
0.101393
0.101841
0.10219
0.10244
0.10259
0.10264
0.10259
0.10244
0.10219
0.101841
0.101393
0.100845
0.1002
0.0994567
0.0986167
0.0976807
0.0966496
0.0955244
0.0943062
0.0929963
0.0915958
0.0901063
0.0885292
0.0868659
0.0851183
0.0832879
0.0813766
0.0793863
0.077319
0.0751766
0.0729614
0.0706754
0.068321
0.0659004
0.0634162
0.0608706
0.0582662
0.0556057
0.0528915
0.0501265
0.0473132
0.0444546
0.0415534
0.0386125
0.0356347
0.0326231
0.0295806
0.0265102
0.0234149
0.0202978
0.017162
0.0140105
0.0108465
0.00767311
0.00449342
0.