0.
0.00347219
0.00665188
0.0098253
0.0129893
0.0161408
0.0192766
0.0223937
0.025489
0.0285594
0.0316019
0.0346135
0.0375912
0.0405322
0.0434334
0.046292
0.0491052
0.0518703
0.0545844
0.057245
0.0598493
0.0623949
0.0648792
0.0672998
0.0696542
0.0719401
0.0741554
0.0762977
0.0783651
0.0803554
0.0822667
0.084097
0.0858447
0.0875079
0.0890851
0.0905746
0.091975
0.093285
0.0945032
0.0956283
0.0966595
0.0975955
0.0984354
0.0991785
0.099824
0.100371
0.10082
0.101169
0.101419
0.101569
0.101619
0.101569
0.101419
0.101169
0.10082
0.100371
0.099824
0.0991785
0.0984354
0.0975955
0.0966595
0.0956283
0.0945032
0.093285
0.091975
0.0905746
0.0890851
0.0875079
0.0858447
0.084097
0.0822667
0.0803554
0.0783651
0.0762977
0.0741554
0.0719401
0.0696542
0.0672998
0.0648792
0.0623949
0.0598493
0.057245
0.0545844
0.0518703
0.0491052
0.046292
0.0434334
0.0405322
0.0375912
0.0346135
0.0316019
0.0285594
0.025489
0.0223937
0.0192766
0.0161408
0.0129893
0.0098253
0.00665188
0.00347219
0.