0.
0.00391734
0.00709703
0.0102705
0.0134345
0.0165859
0.0197218
0.0228389
0.0259341
0.0290045
0.032047
0.0350587
0.0380364
0.0409773
0.0438785
0.0467371
0.0495504
0.0523154
0.0550296
0.0576901
0.0602945
0.0628401
0.0653244
0.0677449
0.0700993
0.0723853
0.0746005
0.0767429
0.0788102
0.0808005
0.0827118
0.0845422
0.0862898
0.0879531
0.0895302
0.0910198
0.0924202
0.0937301
0.0949483
0.0960735
0.0971046
0.0980406
0.0988806
0.0996237
0.100269
0.100816
0.101265
0.101614
0.101864
0.102014
0.102064
0.102014
0.101864
0.101614
0.101265
0.100816
0.100269
0.0996237
0.0988806
0.0980406
0.0971046
0.0960735
0.0949483
0.0937301
0.0924202
0.0910198
0.0895302
0.0879531
0.0862898
0.0845422
0.0827118
0.0808005
0.0788102
0.0767429
0.0746005
0.0723853
0.0700993
0.0677449
0.0653244
0.0628401
0.0602945
0.0576901
0.0550296
0.0523154
0.0495504
0.0467371
0.0438785
0.0409773
0.0380364
0.0350587
0.032047
0.0290045
0.0259341
0.0228389
0.0197218
0.0165859
0.0134345
0.0102705
0.00709703
0.00391734
0.