Vec Object: 1 MPI processes
  type: seq
0.
0.00107049
0.00213139
0.00319207
0.00425239
0.00531225
0.00637153
0.00743011
0.00848788
0.00954471
0.0106005
0.0116551
0.0127085
0.0137605
0.0148109
0.0158597
0.0169068
0.0179521
0.0189953
0.0200365
0.0210755
0.0221122
0.0231465
0.0241782
0.0252072
0.0262336
0.027257
0.0282774
0.0292948
0.0303089
0.0313197
0.0323271
0.0333309
0.0343311
0.0353275
0.0363201
0.0373086
0.0382931
0.0392734
0.0402493
0.0412209
0.0421879
0.0431503
0.044108
0.0450608
0.0460087
0.0469516
0.0478893
0.0488218
0.0497489
0.0506705
0.0515866
0.0524971
0.0534017
0.0543006
0.0551934
0.0560803
0.0569609
0.0578354
0.0587035
0.0595651
0.0604202
0.0612687
0.0621105
0.0629455
0.0637735
0.0645946
0.0654086
0.0662154
0.067015
0.0678072
0.068592
0.0693692
0.0701389
0.0709008
0.071655
0.0724013
0.0731397
0.0738701
0.0745924
0.0753065
0.0760123
0.0767098
0.0773989
0.0780795
0.0787515
0.0794149
0.0800696
0.0807156
0.0813526
0.0819808
0.0825999
0.08321
0.083811
0.0844028
0.0849853
0.0855586
0.0861224
0.0866768
0.0872217
0.087757
0.0882827
0.0887987
0.089305
0.0898015
0.0902881
0.0907649
0.0912317
0.0916885
0.0921352
0.0925718
0.0929983
0.0934146
0.0938206
0.0942164
0.0946018
0.0949769
0.0953415
0.0956957
0.0960394
0.0963725
0.0966951
0.0970071
0.0973084
0.0975991
0.0978791
0.0981484
0.0984068
0.0986545
0.0988914
0.0991174
0.0993326
0.0995369
0.0997302
0.0999127
0.100084
0.100245
0.100394
0.100533
0.10066
0.100777
0.100882
0.100976
0.101059
0.101132
0.101193
0.101243
0.101282
0.101309
0.101326
0.101332
0.101326
0.101309
0.101282
0.101243
0.101193
0.101132
0.101059
0.100976
0.100882
0.100777
0.10066
0.100533
0.100394
0.100245
0.100084
0.0999127
0.0997302
0.0995369
0.0993326
0.0991174
0.0988914
0.0986545
0.0984068
0.0981484
0.0978791
0.0975991
0.0973084
0.0970071
0.0966951
0.0963725
0.0960394
0.0956957
0.0953415
0.0949769
0.0946018
0.0942164
0.0938206
0.0934146
0.0929983
0.0925718
0.0921352
0.0916885
0.0912317
0.0907649
0.0902881
0.0898015
0.089305
0.0887987
0.0882827
0.087757
0.0872217
0.0866768
0.0861224
0.0855586
0.0849853
0.0844028
0.083811
0.08321
0.0825999
0.0819808
0.0813526
0.0807156
0.0800696
0.0794149
0.0787515
0.0780795
0.0773989
0.0767098
0.0760123
0.0753065
0.0745924
0.0738701
0.0731397
0.0724013
0.071655
0.0709008
0.0701389
0.0693692
0.068592
0.0678072
0.067015
0.0662154
0.0654086
0.0645946
0.0637735
0.0629455
0.0621105
0.0612687
0.0604202
0.0595651
0.0587035
0.0578354
0.0569609
0.0560803
0.0551934
0.0543006
0.0534017
0.0524971
0.0515866
0.0506705
0.0497489
0.0488218
0.0478893
0.0469516
0.0460087
0.0450608
0.044108
0.0431503
0.0421879
0.0412209
0.0402493
0.0392734
0.0382931
0.0373086
0.0363201
0.0353275
0.0343311
0.0333309
0.0323271
0.0313197
0.0303089
0.0292948
0.0282774
0.027257
0.0262336
0.0252072
0.0241782
0.0231465
0.0221122
0.0210755
0.0200365
0.0189953
0.0179521
0.0169068
0.0158597
0.0148109
0.0137605
0.0127085
0.0116551
0.0106005
0.00954471
0.00848788
0.00743011
0.00637153
0.00531225
0.00425239
0.00319207
0.00213139
0.00107049
0.
