0.
0.000808299
0.00160402
0.00239964
0.00319511
0.00399039
0.00478543
0.00558017
0.00637457
0.00716857
0.00796213
0.00875521
0.00954774
0.0103397
0.011131
0.0119216
0.0127115
0.0135006
0.0142889
0.0150763
0.0158627
0.0166482
0.0174327
0.0182161
0.0189983
0.0197794
0.0205593
0.0213379
0.0221152
0.0228911
0.0236656
0.0244387
0.0252102
0.0259802
0.0267486
0.0275153
0.0282804
0.0290437
0.0298052
0.0305649
0.0313227
0.0320785
0.0328324
0.0335842
0.034334
0.0350817
0.0358272
0.0365705
0.0373115
0.0380503
0.0387867
0.0395207
0.0402522
0.0409813
0.0417079
0.0424318
0.0431532
0.0438719
0.0445879
0.0453012
0.0460116
0.0467192
0.047424
0.0481258
0.0488246
0.0495205
0.0502132
0.0509029
0.0515895
0.0522728
0.052953
0.0536298
0.0543034
0.0549736
0.0556405
0.0563039
0.0569638
0.0576202
0.058273
0.0589223
0.0595679
0.0602099
0.0608481
0.0614826
0.0621133
0.0627402
0.0633632
0.0639823
0.0645974
0.0652086
0.0658157
0.0664188
0.0670178
0.0676126
0.0682033
0.0687898
0.069372
0.06995
0.0705236
0.0710929
0.0716578
0.0722183
0.0727743
0.0733259
0.0738729
0.0744153
0.0749532
0.0754865
0.0760151
0.076539
0.0770582
0.0775726
0.0780822
0.0785871
0.0790871
0.0795822
0.0800724
0.0805576
0.0810379
0.0815132
0.0819835
0.0824487
0.0829089
0.0833639
0.0838137
0.0842585
0.084698
0.0851322
0.0855613
0.085985
0.0864035
0.0868166
0.0872244
0.0876268
0.0880238
0.0884153
0.0888014
0.089182
0.0895572
0.0899268
0.0902908
0.0906493
0.0910022
0.0913495
0.0916912
0.0920271
0.0923575
0.0926821
0.093001
0.0933142
0.0936216
0.0939232
0.0942191
0.0945091
0.0947933
0.0950717
0.0953442
0.0956108
0.0958715
0.0961263
0.0963752
0.0966181
0.0968551
0.0970861
0.0973111
0.0975301
0.0977431
0.0979501
0.098151
0.0983459
0.0985347
0.0987174
0.0988941
0.0990646
0.0992291
0.0993874
0.0995396
0.0996856
0.0998255
0.0999592
0.100087
0.100208
0.100323
0.100432
0.100535
0.100632
0.100722
0.100807
0.100885
0.100956
0.101022
0.101081
0.101134
0.101181
0.101222
0.101256
0.101284
0.101306
0.101322
0.101331
0.101334
0.101331
0.101322
0.101306
0.101284
0.101256
0.101222
0.101181
0.101134
0.101081
0.101022
0.100956
0.100885
0.100807
0.100722
0.100632
0.100535
0.100432
0.100323
0.100208
0.100087
0.0999592
0.0998255
0.0996856
0.0995396
0.0993874
0.0992291
0.0990646
0.0988941
0.0987174
0.0985347
0.0983459
0.098151
0.0979501
0.0977431
0.0975301
0.0973111
0.0970861
0.0968551
0.0966181
0.0963752
0.0961263
0.0958715
0.0956108
0.0953442
0.0950717
0.0947933
0.0945091
0.0942191
0.0939232
0.0936216
0.0933142
0.093001
0.0926821
0.0923575
0.0920271
0.0916912
0.0913495
0.0910022
0.0906493
0.0902908
0.0899268
0.0895572
0.089182
0.0888014
0.0884153
0.0880238
0.0876268
0.0872244
0.0868166
0.0864035
0.085985
0.0855613
0.0851322
0.084698
0.0842585
0.0838137
0.0833639
0.0829089
0.0824487
0.0819835
0.0815132
0.0810379
0.0805576
0.0800724
0.0795822
0.0790871
0.0785871
0.0780822
0.0775726
0.0770582
0.076539
0.0760151
0.0754865
0.0749532
0.0744153
0.0738729
0.0733259
0.0727743
0.0722183
0.0716578
0.0710929
0.0705236
0.06995
0.069372
0.0687898
0.0682033
0.0676126
0.0670178
0.0664188
0.0658157
0.0652086
0.0645974
0.0639823
0.0633632
0.0627402
0.0621133
0.0614826
0.0608481
0.0602099
0.0595679
0.0589223
0.058273
0.0576202
0.0569638
0.0563039
0.0556405
0.0549736
0.0543034
0.0536298
0.052953
0.0522728
0.0515895
0.0509029
0.0502132
0.0495205
0.0488246
0.0481258
0.047424
0.0467192
0.0460116
0.0453012
0.0445879
0.0438719
0.0431532
0.0424318
0.0417079
0.0409813
0.0402522
0.0395207
0.0387867
0.0380503
0.0373115
0.0365705
0.0358272
0.0350817
0.034334
0.0335842
0.0328324
0.0320785
0.0313227
0.0305649
0.0298052
0.0290437
0.0282804
0.0275153
0.0267486
0.0259802
0.0252102
0.0244387
0.0236656
0.0228911
0.0221152
0.0213379
0.0205593
0.0197794
0.0189983
0.0182161
0.0174327
0.0166482
0.0158627
0.0150763
0.0142889
0.0135006
0.0127115
0.0119216
0.011131
0.0103397
0.00954774
0.00875521
0.00796213
0.00716857
0.00637457
0.00558017
0.00478543
0.00399039
0.00319511
0.00239964
0.00160402
0.000808299
0.
