Vec Object: 1 MPI processes
  type: seq
0.
0.00330614
0.00579131
0.00827349
0.0107512
0.0132229
0.0156871
0.0181424
0.0205872
0.0230202
0.0254397
0.0278445
0.0302329
0.0326037
0.0349553
0.0372863
0.0395953
0.0418811
0.044142
0.0463769
0.0485843
0.050763
0.0529116
0.0550288
0.0571133
0.059164
0.0611795
0.0631586
0.0651002
0.067003
0.068866
0.070688
0.072468
0.0742047
0.0758973
0.0775446
0.0791457
0.0806997
0.0822055
0.0836623
0.0850692
0.0864253
0.0877299
0.0889821
0.0901813
0.0913266
0.0924173
0.0934529
0.0944327
0.0953561
0.0962226
0.0970316
0.0977827
0.0984753
0.0991091
0.0996837
0.100199
0.100654
0.101049
0.101384
0.101658
0.101871
0.102024
0.102115
0.102146
0.102115
0.102024
0.101871
0.101658
0.101384
0.101049
0.100654
0.100199
0.0996837
0.0991091
0.0984753
0.0977827
0.0970316
0.0962226
0.0953561
0.0944327
0.0934529
0.0924173
0.0913266
0.0901813
0.0889821
0.0877299
0.0864253
0.0850692
0.0836623
0.0822055
0.0806997
0.0791457
0.0775446
0.0758973
0.0742047
0.072468
0.070688
0.068866
0.067003
0.0651002
0.0631586
0.0611795
0.059164
0.0571133
0.0550288
0.0529116
0.050763
0.0485843
0.0463769
0.044142
0.0418811
0.0395953
0.0372863
0.0349553
0.0326037
0.0302329
0.0278445
0.0254397
0.0230202
0.0205872
0.0181424
0.0156871
0.0132229
0.0107512
0.00827349
0.00579131
0.00330614
0.
