Vec Object: 1 MPI processes
  type: seq
0.
0.00204624
0.00363736
0.0052277
0.00681686
0.00840445
0.00999008
0.0115734
0.0131539
0.0147313
0.0163052
0.0178751
0.0194408
0.0210018
0.0225577
0.0241082
0.0256528
0.0271912
0.028723
0.0302478
0.0317653
0.0332751
0.0347768
0.0362699
0.0377543
0.0392295
0.040695
0.0421507
0.0435961
0.0450308
0.0464545
0.0478669
0.0492676
0.0506562
0.0520325
0.053396
0.0547464
0.0560835
0.0574068
0.0587161
0.060011
0.0612913
0.0625565
0.0638063
0.0650406
0.0662589
0.067461
0.0686465
0.0698153
0.0709669
0.0721011
0.0732176
0.0743162
0.0753966
0.0764584
0.0775015
0.0785256
0.0795305
0.0805158
0.0814814
0.082427
0.0833523
0.0842572
0.0851415
0.0860048
0.086847
0.0876679
0.0884673
0.089245
0.0900007
0.0907344
0.0914458
0.0921348
0.0928011
0.0934446
0.0940652
0.0946627
0.095237
0.0957878
0.0963152
0.0968189
0.0972988
0.0977548
0.0981868
0.0985947
0.0989784
0.0993378
0.0996728
0.0999833
0.100269
0.100531
0.100767
0.100979
0.101166
0.101328
0.101466
0.101578
0.101666
0.101728
0.101765
0.101778
0.101765
0.101728
0.101666
0.101578
0.101466
0.101328
0.101166
0.100979
0.100767
0.100531
0.100269
0.0999833
0.0996728
0.0993378
0.0989784
0.0985947
0.0981868
0.0977548
0.0972988
0.0968189
0.0963152
0.0957878
0.095237
0.0946627
0.0940652
0.0934446
0.0928011
0.0921348
0.0914458
0.0907344
0.0900007
0.089245
0.0884673
0.0876679
0.086847
0.0860048
0.0851415
0.0842572
0.0833523
0.082427
0.0814814
0.0805158
0.0795305
0.0785256
0.0775015
0.0764584
0.0753966
0.0743162
0.0732176
0.0721011
0.0709669
0.0698153
0.0686465
0.067461
0.0662589
0.0650406
0.0638063
0.0625565
0.0612913
0.060011
0.0587161
0.0574068
0.0560835
0.0547464
0.053396
0.0520325
0.0506562
0.0492676
0.0478669
0.0464545
0.0450308
0.0435961
0.0421507
0.040695
0.0392295
0.0377543
0.0362699
0.0347768
0.0332751
0.0317653
0.0302478
0.028723
0.0271912
0.0256528
0.0241082
0.0225577
0.0210018
0.0194408
0.0178751
0.0163052
0.0147313
0.0131539
0.0115734
0.00999008
0.00840445
0.00681686
0.0052277
0.00363736
0.00204624
0.
