Vec Object: 1 MPI processes
  type: seq
0.
0.000652145
0.00128874
0.00192528
0.00256175
0.00319811
0.00383435
0.00447044
0.00510636
0.00574207
0.00637756
0.00701279
0.00764775
0.00828241
0.00891674
0.00955072
0.0101843
0.0108175
0.0114503
0.0120826
0.0127145
0.0133458
0.0139766
0.0146069
0.0152366
0.0158657
0.0164942
0.017122
0.0177491
0.0183756
0.0190013
0.0196263
0.0202504
0.0208738
0.0214964
0.0221181
0.022739
0.0233589
0.023978
0.024596
0.0252132
0.0258293
0.0264444
0.0270584
0.0276714
0.0282833
0.0288941
0.0295038
0.0301122
0.0307195
0.0313256
0.0319304
0.032534
0.0331363
0.0337373
0.034337
0.0349353
0.0355322
0.0361277
0.0367218
0.0373145
0.0379056
0.0384953
0.0390835
0.0396701
0.0402552
0.0408386
0.0414205
0.0420007
0.0425793
0.0431561
0.0437313
0.0443048
0.0448765
0.0454464
0.0460145
0.0465809
0.0471453
0.047708
0.0482687
0.0488275
0.0493844
0.0499394
0.0504924
0.0510434
0.0515924
0.0521393
0.0526842
0.053227
0.0537677
0.0543063
0.0548428
0.055377
0.0559091
0.056439
0.0569667
0.0574921
0.0580152
0.0585361
0.0590546
0.0595708
0.0600847
0.0605962
0.0611053
0.0616119
0.0621162
0.062618
0.0631173
0.0636142
0.0641085
0.0646003
0.0650895
0.0655762
0.0660603
0.0665418
0.0670206
0.0674969
0.0679704
0.0684413
0.0689094
0.0693749
0.0698376
0.0702975
0.0707547
0.0712091
0.0716607
0.0721094
0.0725553
0.0729983
0.0734385
0.0738757
0.0743101
0.0747415
0.0751699
0.0755954
0.0760179
0.0764374
0.0768539
0.0772674
0.0776778
0.0780851
0.0784894
0.0788905
0.0792886
0.0796835
0.0800752
0.0804638
0.0808493
0.0812315
0.0816105
0.0819864
0.0823589
0.0827283
0.0830943
0.0834571
0.0838166
0.0841728
0.0845256
0.0848751
0.0852213
0.0855641
0.0859035
0.0862396
0.0865722
0.0869014
0.0872272
0.0875496
0.0878684
0.0881839
0.0884958
0.0888042
0.0891092
0.0894106
0.0897085
0.0900029
0.0902937
0.0905809
0.0908646
0.0911446
0.0914211
0.091694
0.0919632
0.0922288
0.0924908
0.0927492
0.0930038
0.0932548
0.0935021
0.0937458
0.0939857
0.0942219
0.0944544
0.0946832
0.0949082
0.0951295
0.095347
0.0955608
0.0957708
0.095977
0.0961794
0.096378
0.0965728
0.0967639
0.096951
0.0971344
0.0973139
0.0974896
0.0976615
0.0978295
0.0979936
0.0981538
0.0983102
0.0984627
0.0986113
0.0987561
0.0988969
0.0990338
0.0991668
0.0992959
0.0994211
0.0995424
0.0996597
0.0997731
0.0998825
0.099988
0.10009
0.100187
0.100281
0.100371
0.100456
0.100538
0.100616
0.10069
0.10076
0.100825
0.100887
0.100945
0.100999
0.101049
0.101095
0.101137
0.101175
0.101209
0.101239
0.101265
0.101287
0.101305
0.101319
0.101329
0.101335
0.101337
0.101335
0.101329
0.101319
0.101305
0.101287
0.101265
0.101239
0.101209
0.101175
0.101137
0.101095
0.101049
0.100999
0.100945
0.100887
0.100825
0.10076
0.10069
0.100616
0.100538
0.100456
0.100371
0.100281
0.100187
0.10009
0.099988
0.0998825
0.0997731
0.0996597
0.0995424
0.0994211
0.0992959
0.0991668
0.0990338
0.0988969
0.0987561
0.0986113
0.0984627
0.0983102
0.0981538
0.0979936
0.0978295
0.0976615
0.0974896
0.0973139
0.0971344
0.096951
0.0967639
0.0965728
0.096378
0.0961794
0.095977
0.0957708
0.0955608
0.095347
0.0951295
0.0949082
0.0946832
0.0944544
0.0942219
0.0939857
0.0937458
0.0935021
0.0932548
0.0930038
0.0927492
0.0924908
0.0922288
0.0919632
0.091694
0.0914211
0.0911446
0.0908646
0.0905809
0.0902937
0.0900029
0.0897085
0.0894106
0.0891092
0.0888042
0.0884958
0.0881839
0.0878684
0.0875496
0.0872272
0.0869014
0.0865722
0.0862396
0.0859035
0.0855641
0.0852213
0.0848751
0.0845256
0.0841728
0.0838166
0.0834571
0.0830943
0.0827283
0.0823589
0.0819864
0.0816105
0.0812315
0.0808493
0.0804638
0.0800752
0.0796835
0.0792886
0.0788905
0.0784894
0.0780851
0.0776778
0.0772674
0.0768539
0.0764374
0.0760179
0.0755954
0.0751699
0.0747415
0.0743101
0.0738757
0.0734385
0.0729983
0.0725553
0.0721094
0.0716607
0.0712091
0.0707547
0.0702975
0.0698376
0.0693749
0.0689094
0.0684413
0.0679704
0.0674969
0.0670206
0.0665418
0.0660603
0.0655762
0.0650895
0.0646003
0.0641085
0.0636142
0.0631173
0.062618
0.0621162
0.0616119
0.0611053
0.0605962
0.0600847
0.0595708
0.0590546
0.0585361
0.0580152
0.0574921
0.0569667
0.056439
0.0559091
0.055377
0.0548428
0.0543063
0.0537677
0.053227
0.0526842
0.0521393
0.0515924
0.0510434
0.0504924
0.0499394
0.0493844
0.0488275
0.0482687
0.047708
0.0471453
0.0465809
0.0460145
0.0454464
0.0448765
0.0443048
0.0437313
0.0431561
0.0425793
0.0420007
0.0414205
0.0408386
0.0402552
0.0396701
0.0390835
0.0384953
0.0379056
0.0373145
0.0367218
0.0361277
0.0355322
0.0349353
0.034337
0.0337373
0.0331363
0.032534
0.0319304
0.0313256
0.0307195
0.0301122
0.0295038
0.0288941
0.0282833
0.0276714
0.0270584
0.0264444
0.0258293
0.0252132
0.024596
0.023978
0.0233589
0.022739
0.0221181
0.0214964
0.0208738
0.0202504
0.0196263
0.0190013
0.0183756
0.0177491
0.017122
0.0164942
0.0158657
0.0152366
0.0146069
0.0139766
0.0133458
0.0127145
0.0120826
0.0114503
0.0108175
0.0101843
0.00955072
0.00891674
0.00828241
0.00764775
0.00701279
0.00637756
0.00574207
0.00510636
0.00447044
0.00383435
0.00319811
0.00256175
0.00192528
0.00128874
0.000652145
0.
