Vec Object: 1 MPI processes
  type: seq
0.
0.00109134
0.00172794
0.00236448
0.00300095
0.00363731
0.00427355
0.00490964
0.00554556
0.00618127
0.00681676
0.00745199
0.00808695
0.00872161
0.00935594
0.00998992
0.0106235
0.0112567
0.0118895
0.0125218
0.0131537
0.013785
0.0144158
0.0150461
0.0156758
0.0163049
0.0169334
0.0175612
0.0181883
0.0188148
0.0194405
0.0200655
0.0206896
0.021313
0.0219356
0.0225573
0.0231782
0.0237981
0.0244172
0.0250352
0.0256524
0.0262685
0.0268836
0.0274976
0.0281106
0.0287225
0.0293333
0.029943
0.0305514
0.0311587
0.0317648
0.0323696
0.0329732
0.0335755
0.0341765
0.0347762
0.0353745
0.0359714
0.0365669
0.037161
0.0377537
0.0383448
0.0389345
0.0395227
0.0401093
0.0406944
0.0412778
0.0418597
0.0424399
0.0430185
0.0435953
0.0441705
0.044744
0.0453157
0.0458856
0.0464537
0.0470201
0.0475845
0.0481472
0.0487079
0.0492667
0.0498236
0.0503786
0.0509316
0.0514826
0.0520316
0.0525785
0.0531234
0.0536662
0.0542069
0.0547455
0.055282
0.0558162
0.0563483
0.0568782
0.0574059
0.0579313
0.0584544
0.0589753
0.0594938
0.06001
0.0605239
0.0610354
0.0615445
0.0620511
0.0625554
0.0630572
0.0635565
0.0640534
0.0645477
0.0650395
0.0655287
0.0660154
0.0664995
0.066981
0.0674598
0.0679361
0.0684096
0.0688805
0.0693486
0.0698141
0.0702768
0.0707367
0.0711939
0.0716483
0.0720999
0.0725486
0.0729945
0.0734375
0.0738777
0.0743149
0.0747493
0.0751807
0.0756091
0.0760346
0.0764571
0.0768766
0.0772931
0.0777066
0.078117
0.0785243
0.0789286
0.0793297
0.0797278
0.0801227
0.0805144
0.080903
0.0812885
0.0816707
0.0820497
0.0824256
0.0827981
0.0831675
0.0835335
0.0838963
0.0842558
0.084612
0.0849648
0.0853143
0.0856605
0.0860033
0.0863427
0.0866788
0.0870114
0.0873406
0.0876664
0.0879888
0.0883076
0.0886231
0.088935
0.0892434
0.0895484
0.0898498
0.0901477
0.0904421
0.0907329
0.0910201
0.0913038
0.0915838
0.0918603
0.0921332
0.0924024
0.092668
0.09293
0.0931884
0.093443
0.093694
0.0939413
0.094185
0.0944249
0.0946611
0.0948936
0.0951224
0.0953474
0.0955687
0.0957862
0.096
0.09621
0.0964162
0.0966186
0.0968172
0.097012
0.0972031
0.0973902
0.0975736
0.0977531
0.0979288
0.0981007
0.0982687
0.0984328
0.098593
0.0987494
0.0989019
0.0990505
0.0991953
0.0993361
0.099473
0.099606
0.0997351
0.0998603
0.0999816
0.100099
0.100212
0.100322
0.100427
0.100529
0.100626
0.10072
0.10081
0.100896
0.100977
0.101055
0.101129
0.101199
0.101265
0.101327
0.101384
0.101438
0.101488
0.101534
0.101576
0.101614
0.101648
0.101678
0.101704
0.101726
0.101744
0.101758
0.101768
0.101774
0.101776
0.101774
0.101768
0.101758
0.101744
0.101726
0.101704
0.101678
0.101648
0.101614
0.101576
0.101534
0.101488
0.101438
0.101384
0.101327
0.101265
0.101199
0.101129
0.101055
0.100977
0.100896
0.10081
0.10072
0.100626
0.100529
0.100427
0.100322
0.100212
0.100099
0.0999816
0.0998603
0.0997351
0.099606
0.099473
0.0993361
0.0991953
0.0990505
0.0989019
0.0987494
0.098593
0.0984328
0.0982687
0.0981007
0.0979288
0.0977531
0.0975736
0.0973902
0.0972031
0.097012
0.0968172
0.0966186
0.0964162
0.09621
0.096
0.0957862
0.0955687
0.0953474
0.0951224
0.0948936
0.0946611
0.0944249
0.094185
0.0939413
0.093694
0.093443
0.0931884
0.09293
0.092668
0.0924024
0.0921332
0.0918603
0.0915838
0.0913038
0.0910201
0.0907329
0.0904421
0.0901477
0.0898498
0.0895484
0.0892434
0.088935
0.0886231
0.0883076
0.0879888
0.0876664
0.0873406
0.0870114
0.0866788
0.0863427
0.0860033
0.0856605
0.0853143
0.0849648
0.084612
0.0842558
0.0838963
0.0835335
0.0831675
0.0827981
0.0824256
0.0820497
0.0816707
0.0812885
0.080903
0.0805144
0.0801227
0.0797278
0.0793297
0.0789286
0.0785243
0.078117
0.0777066
0.0772931
0.0768766
0.0764571
0.0760346
0.0756091
0.0751807
0.0747493
0.0743149
0.0738777
0.0734375
0.0729945
0.0725486
0.0720999
0.0716483
0.0711939
0.0707367
0.0702768
0.0698141
0.0693486
0.0688805
0.0684096
0.0679361
0.0674598
0.066981
0.0664995
0.0660154
0.0655287
0.0650395
0.0645477
0.0640534
0.0635565
0.0630572
0.0625554
0.0620511
0.0615445
0.0610354
0.0605239
0.06001
0.0594938
0.0589753
0.0584544
0.0579313
0.0574059
0.0568782
0.0563483
0.0558162
0.055282
0.0547455
0.0542069
0.0536662
0.0531234
0.0525785
0.0520316
0.0514826
0.0509316
0.0503786
0.0498236
0.0492667
0.0487079
0.0481472
0.0475845
0.0470201
0.0464537
0.0458856
0.0453157
0.044744
0.0441705
0.0435953
0.0430185
0.0424399
0.0418597
0.0412778
0.0406944
0.0401093
0.0395227
0.0389345
0.0383448
0.0377537
0.037161
0.0365669
0.0359714
0.0353745
0.0347762
0.0341765
0.0335755
0.0329732
0.0323696
0.0317648
0.0311587
0.0305514
0.029943
0.0293333
0.0287225
0.0281106
0.0274976
0.0268836
0.0262685
0.0256524
0.0250352
0.0244172
0.0237981
0.0231782
0.0225573
0.0219356
0.021313
0.0206896
0.0200655
0.0194405
0.0188148
0.0181883
0.0175612
0.0169334
0.0163049
0.0156758
0.0150461
0.0144158
0.013785
0.0131537
0.0125218
0.0118895
0.0112567
0.0106235
0.00998992
0.00935594
0.00872161
0.00808695
0.00745199
0.00681676
0.00618127
0.00554556
0.00490964
0.00427355
0.00363731
0.00300095
0.00236448
0.00172794
0.00109134
0.
