Vec Object: 1 MPI processes
  type: seq
0.
0.00159786
0.00318898
0.00477932
0.00636848
0.00795607
0.0095417
0.011125
0.0127055
0.0142829
0.0158568
0.0174268
0.0189924
0.0205534
0.0221093
0.0236598
0.0252044
0.0267428
0.0282746
0.0297995
0.031317
0.0328267
0.0343284
0.0358216
0.0373059
0.0387811
0.0402467
0.0417023
0.0431477
0.0445824
0.0460061
0.0474185
0.0488192
0.0502078
0.0515841
0.0529476
0.0542981
0.0556351
0.0569585
0.0582678
0.0595627
0.0608429
0.0621081
0.063358
0.0645922
0.0658105
0.0670126
0.0681982
0.0693669
0.0705185
0.0716527
0.0727692
0.0738678
0.0749482
0.07601
0.0770532
0.0780773
0.0790821
0.0800674
0.081033
0.0819786
0.0829039
0.0838088
0.0846931
0.0855564
0.0863986
0.0872195
0.0880189
0.0887966
0.0895524
0.090286
0.0909974
0.0916864
0.0923527
0.0929962
0.0936168
0.0942143
0.0947886
0.0953395
0.0958668
0.0963705
0.0968504
0.0973064
0.0977384
0.0981464
0.09853
0.0988894
0.0992244
0.0995349
0.0998208
0.100082
0.100319
0.100531
0.100718
0.10088
0.101017
0.10113
0.101217
0.10128
0.101317
0.10133
0.101317
0.10128
0.101217
0.10113
0.101017
0.10088
0.100718
0.100531
0.100319
0.100082
0.0998208
0.0995349
0.0992244
0.0988894
0.09853
0.0981464
0.0977384
0.0973064
0.0968504
0.0963705
0.0958668
0.0953395
0.0947886
0.0942143
0.0936168
0.0929962
0.0923527
0.0916864
0.0909974
0.090286
0.0895524
0.0887966
0.0880189
0.0872195
0.0863986
0.0855564
0.0846931
0.0838088
0.0829039
0.0819786
0.081033
0.0800674
0.0790821
0.0780773
0.0770532
0.07601
0.0749482
0.0738678
0.0727692
0.0716527
0.0705185
0.0693669
0.0681982
0.0670126
0.0658105
0.0645922
0.063358
0.0621081
0.0608429
0.0595627
0.0582678
0.0569585
0.0556351
0.0542981
0.0529476
0.0515841
0.0502078
0.0488192
0.0474185
0.0460061
0.0445824
0.0431477
0.0417023
0.0402467
0.0387811
0.0373059
0.0358216
0.0343284
0.0328267
0.031317
0.0297995
0.0282746
0.0267428
0.0252044
0.0236598
0.0221093
0.0205534
0.0189924
0.0174268
0.0158568
0.0142829
0.0127055
0.011125
0.0095417
0.00795607
0.00636848
0.00477932
0.00318898
0.00159786
0.
