0.
0.00424378
0.00742348
0.0105969
0.0137609
0.0169124
0.0200482
0.0231653
0.0262606
0.029331
0.0323735
0.0353851
0.0383628
0.0413038
0.044205
0.0470636
0.0498768
0.0526419
0.055356
0.0580166
0.0606209
0.0631665
0.0656508
0.0680714
0.0704258
0.0727117
0.074927
0.0770693
0.0791367
0.081127
0.0830383
0.0848686
0.0866163
0.0882795
0.0898567
0.0913462
0.0927466
0.0940566
0.0952748
0.0963999
0.0974311
0.098367
0.099207
0.0999501
0.100596
0.101143
0.101591
0.101941
0.102191
0.10234
0.10239
0.10234
0.102191
0.101941
0.101591
0.101143
0.100596
0.0999501
0.099207
0.098367
0.0974311
0.0963999
0.0952748
0.0940566
0.0927466
0.0913462
0.0898567
0.0882795
0.0866163
0.0848686
0.0830383
0.081127
0.0791367
0.0770693
0.074927
0.0727117
0.0704258
0.0680714
0.0656508
0.0631665
0.0606209
0.0580166
0.055356
0.0526419
0.0498768
0.0470636
0.044205
0.0413038
0.0383628
0.0353851
0.0323735
0.029331
0.0262606
0.0231653
0.0200482
0.0169124
0.0137609
0.0105969
0.00742348
0.00424378
0.