0.
0.00477426
0.00795395
0.0111274
0.0142914
0.0174428
0.0205787
0.0236958
0.026791
0.0298615
0.032904
0.0359156
0.0388933
0.0418342
0.0447354
0.0475941
0.0504073
0.0531723
0.0558865
0.0585471
0.0611514
0.063697
0.0661813
0.0686018
0.0709563
0.0732422
0.0754575
0.0775998
0.0796672
0.0816575
0.0835687
0.0853991
0.0871468
0.08881
0.0903872
0.0918767
0.0932771
0.0945871
0.0958052
0.0969304
0.0979615
0.0988975
0.0997375
0.100481
0.101126
0.101673
0.102122
0.102471
0.102721
0.102871
0.102921
0.102871
0.102721
0.102471
0.102122
0.101673
0.101126
0.100481
0.0997375
0.0988975
0.0979615
0.0969304
0.0958052
0.0945871
0.0932771
0.0918767
0.0903872
0.08881
0.0871468
0.0853991
0.0835687
0.0816575
0.0796672
0.0775998
0.0754575
0.0732422
0.0709563
0.0686018
0.0661813
0.063697
0.0611514
0.0585471
0.0558865
0.0531723
0.0504073
0.0475941
0.0447354
0.0418342
0.0388933
0.0359156
0.032904
0.0298615
0.026791
0.0236958
0.0205787
0.0174428
0.0142914
0.0111274
0.00795395
0.00477426
0.